# Created by Octave 6.4.0, Mon Jun 06 21:27:09 2022 CET <sd@sd-pc>
# name: Convergence_curve
# type: scalar
0.027463006333907709


