# Created by Octave 6.4.0, Mon Jun 06 21:27:09 2022 CET <sd@sd-pc>
# name: Best_pos
# type: matrix
# rows: 1
# columns: 3
 0.0041215231066304139 10504.319658329805 0.0048262954932416988


